6.847760186537376302e-04
7.736850420769769698e-06
3.048301461604413282e-05
2.929322969763742174e-05
2.896154170766992791e-05
3.802034773280830450e+03
2.380482595721527888e-05
8.790201931476786246e-02
6.424899319687691786e+03
2.037316101374788685e-05
2.918962757807883410e-05
3.104869048718527622e-05
2.713635522039941638e-05
2.853447637951135390e-05
3.838038727645395738e+03
3.122434936505751144e-05
4.903305840886836187e+00
7.939453024144754734e-02
2.982257733574838853e-05
3.001019780430530320e-05
7.322281077513688174e+00
7.736850420769769698e-06
3.545317940047987122e+03
2.749692134294853076e+03
8.098878431486310546e+03
3.131534583218410523e-05
7.939453024144754734e-02
2.875248695328296575e-05
2.565375755902806794e-05
8.924582862536093671e+03
3.130965775870601692e-05
3.079697896605570804e+03
2.747232683159928765e-05
3.344571917873189956e-03
2.521019797132091029e-05
2.946417688093437182e+00
8.790201931476786246e-02
7.322281077513688174e+00
6.444833883815627527e-04
2.734121294283890620e+03
4.953547855640387752e+03
8.143339698623212826e+03
3.130365277755586784e-05
7.230438549361864716e+03
7.736850420769769698e-06
3.292258968185228241e+03
8.790201931476786246e-02
2.945883471976326746e+03
2.742306128609938283e-05
1.012096646456737835e+04
3.411536049620624453e+03
9.531100585279557707e-04
2.794404658388813663e-05
3.131296525691248662e-05
3.797621627462133189e-03
3.115936907289840023e-05
4.770354975505397306e+03
3.121739543244548496e-05
7.338857963974298400e+03
3.057693085290368924e-05
6.444833883815627527e-04
3.084968046837909499e-05
3.037505401850680670e-05
8.790201931476786246e-02
6.129641970403258711e+03
3.120996748329456764e-05
2.943800453876681489e-05
7.036991418838966800e-04
3.808831413237964616e-03
3.079587011461534064e-05
3.267076953910028806e+03
3.129573466542804548e-05
4.073306502122210077e+03
3.378201120363415904e-04
3.112767972299064321e-05
2.589978412812728038e+03
6.444833883815627527e-04
8.900357704284662759e+03
1.300509614927941016e+02
7.736850420769769698e-06
2.315013655426350226e-03
7.322281077513688174e+00
6.431989601033496001e+03
3.128599122351152404e-05
3.016563316623280266e-05
2.085497232394628853e+01
2.512708214650008717e-05
3.057629149374838258e-05
7.463542768554736540e+03
3.857241625326849731e-03
3.324334626114814910e+03
2.504057200112463563e-03
4.034058514362664482e+03
5.314739980465514236e+03
1.626859055602042137e+00
3.369601306251307051e+03
3.090279088012578347e-05
5.902502431800684946e+01
3.586324478591180196e+03
5.955632257862851020e+01
3.588432635938746014e-03
2.758652493103037881e-05
3.107669627132112188e-05
4.036069300892926094e+03
5.613222003502243751e+03
3.203894788433204212e+03
5.819209298962108733e+03
2.400731857623995526e-05
5.771487619395077040e-01
1.317383454582601189e+03
7.939453024144754734e-02
4.356116770886782433e+03
2.555572864820890560e-03
3.101456829106447337e-05
3.128207302432741240e-05
3.099934963180060873e-05
4.053585661286422237e+01
8.790201931476786246e-02
4.107090730608485501e+03
7.939453024144754734e-02
6.829766936043778864e-04
3.131620327994406210e-05
2.950643974810983309e+03
7.736850420769769698e-06
3.106875092804811108e-05
4.956563478955800747e+03
9.531100585279557707e-04
3.131241168345432261e-05
2.507530642441036108e-05
3.830339933251177605e-03
3.466255681723211637e+03
3.358080856958071763e+03
3.078369523323842421e-05
6.799087870304777997e-04
3.130958358501549150e-05
3.130250148048852965e-05
2.109805933469676648e-05
3.846302708496532503e-03
4.936683488591194873e+03
5.872060412417081603e-06
3.044673724222975134e-05
8.891323016500709855e+03
3.124011821047869040e-05
3.424126730189689955e-03
2.573147842426829569e-05
2.938664644508487527e+03
8.894282665064145476e+03
3.115234326722580397e-05
3.102636386596284993e-05
3.098489826847482091e-05
3.082514587646474055e-05
2.404320328958780738e+04
3.340547456856824641e-03
4.872812817518675729e+03
4.775291448414812294e+03
2.816004195406467106e-05
3.340816252642790914e+03
5.653963865682519099e+03
9.531100585279557707e-04
1.262404070982377016e+04
1.034109560409736150e+04
8.249121457506566335e-01
6.556404090765818182e+03
2.964077088941812066e-05
2.084321224893999869e+01
7.860873827925917794e+03
3.857719198363753280e-03
3.131615652920499921e-05
7.736850420769769698e-06
3.499353334416863163e+03
1.275595824220963976e+02
2.571657515658522243e+03
3.105579831672116667e-05
3.131601404771773795e-05
3.062294783732075540e-05
5.092547700655027256e+03
7.135427084100126778e-04
7.939453024144754734e-02
6.139349475358763812e+03
3.067970834754750372e-05
1.277020668054287427e+02
4.142539126902181124e+03
3.093499685457886918e-05
8.333781612632785709e+02
2.855580045117268583e+03
7.007812095348756884e+03
7.048193677170173942e+03
2.080682176734548639e-05
3.693508648019895190e+03
3.665540457508767967e-03
4.258205005663867269e+03
1.007124510569138397e-02
5.943845676022308649e-02
3.131161265782674550e-05
3.129451778472206944e-05
3.102423228818527534e-05
2.468239130434762995e-05
3.131595753625094009e-05
6.781434839490768640e-02
3.794047022161713357e+03
7.135427084100126778e-04
3.077454177623228926e-05
3.123987850451570548e-05
7.135427084100126778e-04
2.960280907087164837e-05
2.421927943199884070e-05
3.128475130917401378e-05
8.575224026687918695e+02
2.142840323064849031e+02
8.064259191419565468e+03
3.129477046860304999e-05
7.736850420769769698e-06
8.790201931476786246e-02
3.297278964524817184e+03
6.443683968704909603e+03
5.800017779010656341e+03
4.386539770195609089e-02
3.127753084762142715e-05
6.970075800903749951e+03
3.103915499054048796e-05
8.790201931476786246e-02
9.531100585279557707e-04
3.108683882974695554e-05
3.988624818515363131e+03
3.507205224423313211e+03
5.671223596280253014e-03
6.656896080105710098e+03
1.049289039946177482e+01
3.314222168830544433e+03
7.057419957892351048e-02
5.978160440007271973e+03
1.214839776687415807e+01
3.780587473840640953e-03
3.281805099016199372e-03
2.459856405665721742e-05
2.832237527195180974e+03
3.440992213161047086e-01
8.934176596802351924e+03
7.736850420769769698e-06
6.638946881636118633e+03
3.920565215555777286e+03
3.764884119246349366e-03
7.135427084100126778e-04
5.122449847000824548e+02
9.531100585279557707e-04
5.774470942497449869e+03
8.543678470587140055e+02
8.736600369558245038e-02
3.385439738248197453e-03
7.020555237417358931e-04
7.535078013294564698e+03
9.531100585279557707e-04
4.749460748886403962e+03
6.466897252470945722e-05
4.903305840886836187e+00
8.790201931476786246e-02
7.322281077513688174e+00
3.111719186780658906e-05
8.204264836420502434e+02
3.127798621288080898e-05
3.038662952605647709e-05
6.809331561330954873e-04
1.501399946492458426e+01
3.856581217725023325e-03
3.131620327994406210e-05
8.021675104726492915e-04
6.028019445908929721e-06
6.647689457711224350e+03
4.886235370354864244e+03
4.201283018053144588e+03
3.621991796694551795e+03
3.095738353012476163e-05
1.221754322913849137e+04
3.009289216981280788e+03
6.723233182228401006e+01
4.568220402486841522e+03
2.739780941505635440e-05
2.498098326666691772e-03
3.039280307986940948e-05
4.942114167045316208e+03
7.089334412581435572e+03
9.531100585279557707e-04
3.511732576806672114e+03
3.570085430543424448e-03
7.135427084100126778e-04
3.114451354534049458e-05
7.135427084100126778e-04
9.531100585279557707e-04
4.594910234753776422e+03
7.736850420769769698e-06
3.846068804573800608e-03
4.296582336144743749e+03
5.301814819124416317e+03
1.020224546623641254e+04
6.930141158998883626e-04
2.837584912463920851e-05
2.371473523382565674e+00
2.416371418114499772e-05
3.123110466655346621e-05
3.122084492737554494e-05
2.023741793013470442e+03
5.061215115728544333e+03
3.122402448875219010e-05
5.932342317387310686e+03
3.102675701896689882e-05
2.365073562986387700e-05
3.029304225736849553e-05
6.025474624763927750e+03
5.218922757849982190e+03
4.637157763744723525e+03
7.736850420769769698e-06
6.175282599400954496e+03
8.736600369558245038e-02
1.580008767544444163e+04
2.554189737222204402e-03
7.154901014483355539e+03
7.799154211043979558e+03
6.620828477566729478e-04
8.083339131905458999e+03
7.736850420769769698e-06
8.948641057315264334e+03
3.431084262462449260e+03
3.130847094550614297e-05
3.130210768647194881e-05
3.127779349043214571e-05
3.768784414816233729e-03
3.128874265142982325e-05
7.736850420769769698e-06
2.788556880341286160e+03
3.714957316294421616e+03
5.943845676022308649e-02
3.062296536429553388e-05
3.315495007648428782e+03
3.128338125323362593e-05
2.848691662411268477e-01
3.008278110538302889e-05
3.164483620064460767e-03
7.322281077513688174e+00
5.152734769604752728e+03
5.959632302985718525e+03
3.769478604611719349e-03
3.532132249182042415e+03
7.131368639660980079e+03
3.095233973729437246e-05
3.127981196223635513e-05
4.302557388213990635e+03
9.972572749277004885e-04
3.777755519852721029e-03
5.003306305874612292e+01
3.852549621814449141e-03
3.114815910069052886e-05
8.790201931476786246e-02
7.870893474254884495e+03
3.125151568637739898e-05
5.453470826514302644e+03
5.802453730991420855e+01
3.021952805285383018e-05
2.015511764184525550e-04
3.738680996222990688e-03
5.864555228405479284e+03
7.135427084100126778e-04
3.383287755566258511e+03
3.291751741203167731e-03
8.790201931476786246e-02
9.738486197228737637e+02
2.857197582301233069e+03
3.122849757243577491e-05
3.131589071073805015e-05
2.862830778222261174e-03
3.056111916648862175e-05
7.879396679905069504e+03
9.531100585279557707e-04
3.645976693037438626e-03
9.972572749277004885e-04
3.708301350888878068e-03
1.455427004463202536e+02
3.131472344229998807e-05
1.265493221908324813e+04
3.131000438685530983e-05
3.675748723325868769e-03
3.106286366090477120e-05
8.902999373285887486e+03
5.465872580342372203e+03
3.095182930310597309e-05
3.846362678720984150e+03
2.741491748427347326e-05
4.120489703190202817e+03
5.715135772292920592e+03
4.362654986315193128e+03
3.130399709502199469e-05
8.496071108036132500e+03
1.666195297621619442e+00
4.406631060290311325e+03
6.011294048621059119e+03
3.058452505401927554e-05
5.551490270354311178e+03
8.136202202892523019e+03
2.753199844040548171e-05
3.854881177882776323e-03
8.911059407346019725e+03
3.115344917348588619e-05
3.130765548592265128e-05
2.913152461894809566e-05
3.130631462231030237e-05
3.476406755527718815e+03
7.322281077513688174e+00
3.543682979050501083e-03
7.797457892556786646e+03
3.098729841919752899e-05
7.108172836223770901e+03
1.048805404851183704e-03
3.755628449233624263e-03
4.664110764539423144e+03
2.873292082396300070e-05
1.570269561240587063e+04
2.291336281550367105e-04
6.957542012452312338e-04
2.719950794386939453e-05
2.713635522039941638e-05
3.129751912453705373e-05
3.099463605337550486e-05
7.939453024144754734e-02
4.644113273462908182e+03
8.873282338265862563e+03
3.587024335728212013e-03
2.783402158999394752e-05
3.048754953816871875e+03
5.885993882682207186e+03
3.120629061471366905e-05
2.978512708200695949e-05
5.177357415498232513e+03
7.736850420769769698e-06
2.373000436098586605e-03
3.086510361646377414e-05
3.045649177759568761e-05
5.861843752211072569e+03
7.322281077513688174e+00
7.532653599559141315e-03
3.131252236653169071e-05
3.580576720158679109e+03
2.817614917948365591e-05
3.130121551491654513e-05
9.531100585279557707e-04
3.130524607874498602e-05
3.124871663630513104e-05
3.451899997965420425e+03
9.972572749277004885e-04
1.493345724711877835e+02
8.790201931476786246e-02
4.628430858275174614e+03
2.864453455970393482e-05
8.790201931476786246e-02
3.087665655428639547e-05
3.119052075367717065e-05
4.499078508972679629e+03
5.673606219862061153e+03
5.149489066847026564e+00
6.538502521793067501e+01
4.631723738612293346e+03
3.111175584867579755e-05
7.736850420769769698e-06
3.117613977780262147e-05
3.077977300653130752e-05
3.131549318103690353e-05
3.121015677840667779e-05
3.122855059946639026e-05
4.215110923151062821e+02
5.885636660984861010e+03
3.074358341892894492e-05
6.746311282366665182e+03
3.471901916649492250e+03
9.013438875165340505e+03
2.919534709969165119e-05
2.639026248005158122e-03
2.938418523364443313e+00
3.130898167924218084e-05
3.093820530040273297e+03
7.736850420769769698e-06
2.183188568321799266e+03
4.575886542861807357e+03
4.956566407823148439e-03
3.736415842602978501e+03
2.930790702993771226e-05
1.101228574682135530e+01
5.096566438457997720e+03
2.763483571191916854e-05
3.128019802577295641e-05
4.716199020657626534e+03
3.117902614601046935e+03
7.308957650795824520e+03
4.600893469367629791e+02
4.904731791983129369e+03
3.128403730745823015e-05
9.269128297968302186e-06
4.746949171707793539e+03
6.444833883815627527e-04
2.286922286044669461e-02
2.169238271861296478e-03
3.690963272741520571e-03
5.609311640826927942e+03
7.091449239413335818e+03
1.136304000708991679e-01
2.564492297245579960e-03
1.938627564382523847e-03
3.131456102529451798e-05
3.124313424748474357e-05
8.172987977242622719e+02
6.973143027403943961e+03
1.051487937042602478e-05
4.486909188295098829e+03
7.939453024144754734e-02
2.401128173949287144e-05
4.377324479798478023e+03
3.069008543540146914e-05
3.023773523265817773e-05
2.880509082185993345e-05
7.736850420769769698e-06
2.490400094736632127e+03
2.925482168404749836e-05
7.167062577680204640e+02
7.849448089527940283e+03
2.651304585489351606e-03
6.980213351301909090e-04
3.585376110757213224e-03
2.834987841005577253e-05
3.781894882741582933e+03
3.846906695946328975e-03
7.736850420769769698e-06
3.100688970225299994e-05
2.538566419054862135e-05
7.322281077513688174e+00
3.128763405485341466e-05
1.394173693316924073e+04
3.129851620917901034e-05
3.125874844637629101e-05
3.085137266961755710e-05
6.938558000051513773e+03
3.872761344524081606e-01
5.740474682563088209e+03
2.441141445930793130e-01
6.223839939022781437e+03
3.769723032638314791e-03
7.361803701076808466e+03
3.031604192514501572e-05
4.249013298567405400e+03
7.088359970385191389e+01
1.466412331060859275e-01
6.336101327714758554e+03
7.939453024144754734e-02
3.128849457526104743e+03
3.103769388942135941e-05
4.463670517896842284e+03
8.656624351409816882e+03
2.408196030519970442e-05
2.464128454269533904e+03
3.100728574561441746e+03
9.531100585279557707e-04
5.943845676022308649e-02
9.449118332820049545e+03
3.128683989642432614e-05
8.790201931476786246e-02
6.285493934207138409e+03
7.322281077513688174e+00
8.790201931476786246e-02
5.581176057964446045e+03
4.173856554334676346e-03
7.322281077513688174e+00
3.130986179612334301e-05
2.502862970898394046e+00
2.621431561072053829e-05
2.931708366272407117e-05
4.354959946658433869e-04
2.575227865257996004e-05
3.032087074717061569e+03
7.736850420769769698e-06
3.416817683246388697e+03
2.669653084027456269e-01
8.950167244492182363e+03
3.114473558381117990e-05
3.834998626152700922e-03
2.162881487962756318e-03
2.683298922868941779e-05
8.790201931476786246e-02
2.973334213185513232e-05
3.490790949626189008e-03
3.826541178719114738e-03
7.736850420769769698e-06
7.519754592135913299e+03
7.736850420769769698e-06
6.661718236240038666e-04
2.849466331235761478e-05
7.908035106243251903e+03
3.249168848110779436e+03
5.408175211645310810e+03
8.839084462870425341e+03
7.989213972807110622e+02
7.139941618722596504e-04
2.919956117330237703e+03
3.016303897258115969e-05
7.939453024144754734e-02
3.126171292253332934e-05
3.130953911713381019e-05
2.775959178419479478e+00
3.131014478306003580e-05
4.566411413957282093e+03
2.909476137678436316e+03
3.092424681914887705e-05
3.523849842704941693e+03
4.158652886879314792e+03
3.089738839946292039e-05
2.116619710123406506e+01
7.836466732746474008e+03
5.716464450880004051e+02
5.666470046318692943e-05
3.129259185529959707e-05
3.131345613100115739e-05
3.588802426320186496e-03
7.736850420769769698e-06
3.128540423903570090e-05
3.110262372846213678e-05
6.612612799637728189e-01
2.791999840919772396e+03
5.099324682004980787e+03
3.060850952192781217e-05
1.982400983078615387e-05
4.903305840886836187e+00
7.322281077513688174e+00
3.130655277575028456e-05
3.757930339312471821e-03
1.823067136554187492e-04
3.120387508021088893e-05
9.778384853098799795e+03
4.209946941464632800e+03
3.782391781430643732e+03
3.836066098277102990e-03
4.439568326929677824e+03
3.129356007766441564e-05
3.098709492432820406e-05
5.943845676022308649e-02
7.322281077513688174e+00
2.510222571569753437e-05
2.582011819116545936e+01
3.485249116496654496e-03
3.111977546963269256e-05
3.599883810527993149e-03
7.135427084100126778e-04
6.087464623501970891e+03
2.968314181191031539e-05
3.588432635938746014e-03
3.093778864366984472e-05
3.131085687777599282e-05
4.225736301612209589e-01
2.994652730591705099e-05
2.572660401298627676e+03
3.125983115528266056e-05
8.790201931476786246e-02
2.777869220392773968e+03
2.940867397468360556e-05
2.688381438063247619e-05
2.784921275043921452e-05
1.125566526244209126e+04
6.677098948545504754e+03
2.427043710649936722e-03
9.531100585279557707e-04
3.115054759575281844e-05
7.774374322620033126e+03
9.531100585279557707e-04
8.790201931476786246e-02
4.178280300301537471e-03
7.322281077513688174e+00
3.039625896876541292e-05
3.732623844220683829e-03
2.144754591615768044e-05
7.350332844294479173e+02
7.856713508077361439e+03
5.280440369359783290e+03
7.736850420769769698e-06
9.531100585279557707e-04
3.123907426656939257e-05
8.033171090245384221e+03
7.322281077513688174e+00
3.129507006788063343e-05
4.838754200742564730e-03
6.993867494715392749e-04
3.129028632543615963e-05
3.128866692484031411e-05
3.549758968802729960e-03
2.797105439237376715e-05
1.139889882423221752e+04
3.006776494721182381e-05
2.187771498431535008e-03
3.131444239433484804e-05
2.756951267130147170e-05
5.199879507490075412e+03
3.127233961750795256e-05
5.943845676022308649e-02
3.079793895906453619e-05
3.792050387238647333e-03
3.819542816525498246e-03
3.128715222526029055e-05
7.120223898113654587e-04
3.076948980541626766e-05
3.079793895906453619e-05
3.131595753625094009e-05
4.008691107437118262e+03
3.096367526470760937e-05
3.066137658862068313e-05
2.101482300364044972e-05
2.569124932772180725e-05
7.152349944071578648e+03
3.057810728321045697e-05
3.111375544396602794e-05
2.507216993218895615e-05
6.444833883815627527e-04
3.122604555629665909e-05
3.768727285353249204e-03
8.923902346576522177e+03
7.736850420769769698e-06
5.876626466664968575e+03
9.531100585279557707e-04
2.901238961441036102e-01
1.048805404851183704e-03
5.852657088813220980e+03
1.468363678039999343e+00
7.939453024144754734e-02
3.122063668995651040e-05
3.118983434877647894e-05
6.091200662382137125e+03
4.356588783282583790e+03
7.086890239642460376e-04
4.756902630504678200e+03
3.636579618837815815e+03
4.891522296972655568e+03
4.303557052207222114e+03
6.321137188723565487e+03
2.589462706968913008e-01
9.672766696994591906e-02
3.211773085468414592e+03
2.951893626749970281e+03
4.167253934181629120e+03
8.790201931476786246e-02
2.076575818219840181e-05
7.135427084100126778e-04
4.642288513562600201e+03
3.083578292890362611e-05
7.135427084100126778e-04
3.554205355902474366e+03
3.128731251277932021e-05
7.736850420769769698e-06
3.097800473260952780e-05
3.072575871609560755e-05
1.763644541207434583e-04
1.383437826629686729e+00
6.141357123629753005e+03
6.123746638258144230e+03
1.149318846452611615e+04
4.206822264661777808e+03
3.734246616992246449e-03
3.121625924348515939e-05
3.100229034599290013e-05
3.073092664852433842e+01
8.140037239610252072e+03
3.131212871086232251e-05
3.746420603285937137e-03
3.109034927313201156e-05
9.531100585279557707e-04
7.613522588011385039e+00
7.593047740164153570e-02
2.257619384294655196e-05
3.863032118238253133e+03
3.103740686360572125e-05
6.444833883815627527e-04
7.366416704937411852e-02
2.626792639111282248e-05
2.639801471845089825e-05
2.501962279961574841e-05
3.122527579958189623e-05
3.115931521087889397e-05
3.585376110757213224e-03
1.251497733659773075e+04
2.696656514346970661e-05
7.593047740164153570e-02
7.860225658613033374e+03
8.641749520735398619e+03
7.736850420769769698e-06
3.600140434159615779e+03
7.135427084100126778e-04
3.124640618520707017e-05
3.128295575755101322e-05
6.304510262813090776e+03
9.531100585279557707e-04
1.895123883579692995e-03
8.833562267623850857e+03
8.143814124487417757e+03
3.129677986429519834e-05
2.547714705063694991e-05
7.322281077513688174e+00
5.651902670510156895e+03
4.010387654460897011e+03
3.129337581055360911e-05
4.334481984320793345e+03
2.940992025070398086e+03
3.768958510832109889e-03
4.522147912589327916e+02
3.437375679355336160e+03
3.115665891672761553e-05
8.892934538091969443e+03
3.127711273291183092e-05
8.790201931476786246e-02
3.007353996998618243e-05
7.736850420769769698e-06
3.131313562658568977e-05
3.253215635777342504e-03
3.130653052571494716e-05
3.383415802989902729e-03
7.322281077513688174e+00
3.124186211517674755e-05
7.591204949967989251e+02
2.847190794643716383e-01
1.603704494958422515e+02
1.572542025208228438e+02
3.453756593556638563e+03
2.731359628526432983e-05
6.415786321677433079e+03
2.572359703513342993e+03
7.135427084100126778e-04
3.131518759903712212e-05
4.647894894572473277e+03
4.179775379797555615e+03
2.535092708507827863e-01
4.688094176004831581e+01
7.736850420769769698e-06
2.067737566425032305e-05
4.999346716467860460e+03
3.115152493621253376e-05
8.936542733807687910e+03
2.749904748713454410e+03
3.130901760722030271e-05
8.015927241258384129e+03
9.531100585279557707e-04
3.291751741203167731e-03
7.322281077513688174e+00
9.531100585279557707e-04
3.131548704314387360e-05
1.789324957908303149e-03
3.108815246604734668e-05
6.509840100925535467e+01
3.695427376431666914e-03
2.659581193393392340e+01
3.126369774843460760e-05
8.113303732122560177e+03
6.671937213258102020e+03
3.916725555965746935e+03
7.674890982975568477e+03
8.293623040180285898e+03
3.986762042270103393e+03
7.839569823764299144e+03
2.814013356693738187e-05
2.649638451736782262e-03
3.018774519947814501e-05
5.232070125867489878e+03
2.053900428626579457e-05
5.711982220360279825e+03
3.112892219908410272e-05
3.119091773751648606e-05
3.124881851700174560e-05
3.114643036612835080e-05
3.106181391430016347e+01
3.865155168553773819e+03
5.185523491613006627e+03
4.579421540277005079e+03
4.169893008630831901e+03
3.130699109212749682e-05
7.135427084100126778e-04
3.832535603716999764e-03
2.188552369063448199e-05
7.322281077513688174e+00
6.444833883815627527e-04
5.813082254712652684e+03
2.973654064537135510e-05
3.130415358759114890e-05
7.135427084100126778e-04
3.036823335904541667e-05
6.138665630201162458e+03
3.107992079415491151e-05
3.129036806527696026e-05
3.121265192375694713e-05
7.939453024144754734e-02
8.421239925776038945e+03
2.574010787883595824e-05
8.430403586701107997e+03
3.130669530619359039e-05
3.062034008958431698e-05
7.135427084100126778e-04
3.114750996824279023e-05
3.086964311526121208e-05
2.842046539986057234e-05
7.939453024144754734e-02
3.111161513479904900e-05
8.790201931476786246e-02
6.566987114013429164e+03
2.352665761790483430e+03
2.491868682875567455e-05
2.671982251712483958e+01
3.510905216152001174e-03
2.879601503512277456e-05
7.939453024144754734e-02
3.106589317074025063e-05
3.598109787714222421e+03
4.595238732135628368e+01
7.322281077513688174e+00
5.019433106180195864e+03
7.736850420769769698e-06
3.115995328279283678e-05
3.090464108550605260e-05
2.089541336086634146e+03
3.130093448782481091e-05
7.046794264217988712e+03
8.090411493751725175e+03
2.775247938085661644e+03
3.615342473103163684e+03
7.832966713052992418e+03
3.131630404846248993e-05
7.736850420769769698e-06
7.939453024144754734e-02
3.889220159408198015e+03
2.499938374662391007e-05
3.054778065599030837e-05
3.583178990487153031e-03
4.270070723458053180e+03
5.890186125866628572e+03
7.993518345069061070e+03
2.772485717342818517e-05
3.823922661767135446e-03
3.119725911224722201e-05
3.131616071047064380e-05
2.797249810947180851e-03
6.341041913613516044e+03
3.130765548592265128e-05
2.860656675296757541e-05
2.322700890622355018e+03
2.532825827591159187e-05
3.131470418397404960e-05
3.069034999864989386e-05
5.346867860424639730e+03
3.135036380572621493e-03
7.736850420769769698e-06
3.668900878458443458e+03
3.127908813243814539e-05
3.130997800443165256e-05
2.848371317588479427e-05
2.200985013894987051e-05
5.007894924394130612e+03
3.670090798119001862e-03
7.500371176128375339e-01
3.130177255181932814e-05
6.471442708346863583e+03
3.116300178235929396e-05
9.531100585279557707e-04
2.091862250766591394e-05
1.295055407289860523e+04
3.795036101749295517e-03
2.550797985383556621e-01
3.131385443753515959e-05
2.423927749157927814e-05
4.471399938758355347e+03
7.736850420769769698e-06
7.445209363379622403e+01
3.558639918860956186e+03
7.135427084100126778e-04
2.893142375295509007e-05
1.497693625964495823e+02
2.269329854429105453e-01
5.494766348221010048e+02
8.347341333155052780e+03
3.129549837694151998e-05
3.489084984584971214e-03
2.409411018434635116e+04
3.129677986429519834e-05
3.131025624637276373e-05
8.025058379103646075e+03
3.428199655616861037e+03
2.828570985302337486e-05
9.531100585279557707e-04
7.322281077513688174e+00
7.106054771737076408e+03
5.974760086913473970e+03
5.054802636895625255e+03
2.443085973761653804e+03
2.765436304987147322e-05
3.130534939835052233e-05
3.126938302624970281e-05
9.672766696994591906e-02
7.620367269708575009e+01
7.736850420769769698e-06
4.903305840886836187e+00
3.061886274731940395e-05
8.142212326375583871e+03
3.516941008981947562e+03
2.989247849257193105e-05
7.106049765178788086e-04
3.107478970504681256e-05
4.905846220412586263e+03
3.196431132285683721e-03
6.119931338709119700e+03
2.166309784221012507e-04
7.570917980430920124e+02
1.521433758617931264e-03
9.531100585279557707e-04
3.129833958932490593e-05
2.839844941614967535e-05
3.125791244537162164e-05
3.809176390554461656e-03
3.094143963389905602e-05
3.038506222096768814e-05
3.833278203532386984e-03
3.131624347479413495e-05
5.943845676022308649e-02
2.705849795364610136e-05
2.900130690990853773e-05
2.481962438131795389e-05
7.551788704784388528e+02
3.189398843694501466e+03
7.736850420769769698e-06
3.131533180826999517e-05
3.131627450656735535e-05
4.522147912589327916e+02
3.100429760730446523e-05
3.008628159922799850e-05
3.825026634335703789e-03
3.090886277212521674e-05
3.777739766816886040e-03
5.471730592629513012e+03
3.087861010932148076e-05
1.336378290285698677e+04
2.923664288057409549e-05
3.095672029992904315e-05
3.704419714530614825e-03
2.414543094053335153e+03
1.048805404851183704e-03
1.178573574626810796e+02
3.033793037563463463e-05
3.281805099016199372e-03
5.560300581502739078e+03
3.122037569441209279e-05
2.397588093747906983e-03
3.078357228923378372e-05
4.378688537738028572e+03
3.130486700202681649e-05
1.149591254470822399e+01
2.974545758204312218e-01
3.433667265900575785e+03
4.532274933673403439e+01
9.531100585279557707e-04
3.131324205139549119e-05
7.135427084100126778e-04
3.062937390086264457e-05
7.593047740164153570e-02
7.939453024144754734e-02
7.322281077513688174e+00
4.836501473900527344e+03
2.327084145742049359e-01
3.492882509620256315e+03
3.064390725968634797e+03
6.661428118420486499e+03
8.790201931476786246e-02
2.772730651969368111e-05
7.135427084100126778e-04
7.061561861171702731e+03
2.859317476113554506e-03
3.093490153846416762e-05
2.957662177190227830e-05
4.314399036718111091e+00
6.963213054383056260e+03
2.785635686336421964e-05
3.022229899733019372e-05
3.535049466123746549e-03
7.135427084100126778e-04
5.504736117540409396e+03
3.965417194455871140e+03
3.052886635704748624e-05
2.732938733570027125e+03
4.371618771537415341e+03
1.402725486845713476e+02
7.736850420769769698e-06
5.817078361403502640e+03
7.338750190128109352e+03
5.506116143720877517e+03
3.131421113778229171e-05
3.296837637322554656e+03
5.811761001453618519e+03
3.131100828822419791e-05
7.322281077513688174e+00
9.531100585279557707e-04
4.361380709019095914e-01
3.702784485767113893e+03
4.415808365242401123e+03
3.129596125049871830e-05
3.401044053366653367e-05
3.832092985883562338e-03
